110101199903072354
110101199903075010
110101199903075950
110101199903073330
110101199903072899
11010119990307849X
110101199903077534
110101199903075475
110101199903078991
110101199903072450
110101199903072119
110101199903073592
11010119990307005X
110101199903074456
11010119990307355X
110101199903079150
110101199903071052
110101199903076793
110101199903073859
110101199903079599
110101199903076697
110101199903077999
110101199903075870
110101199903074472
110101199903077593
110101199903079070
110101199903078094
11010119990307793X
110101199903071159
110101199903077112
110101199903070594
11010119990307347X
110101199903072135
110101199903076531
110101199903076793
110101199903075010
110101199903075037
110101199903074333
110101199903070519
110101199903074034
110101199903076777
11010119990307259X
110101199903077614
110101199903076814
110101199903077059
110101199903071159
110101199903075977
110101199903078078
11010119990307793X
110101199903079812
110101199903077673
110101199903074632
110101199903077817
11010119990307355X
110101199903079097
110101199903075432
110101199903072637
110101199903077198
110101199903073373
110101199903073752
110101199903074317
110101199903073939
110101199903077235
110101199903076435
110101199903070471
110101199903074034
110101199903071458
110101199903075491
110101199903078350
11010119990307195X
110101199903079513
11010119990307515X
110101199903074536
110101199903077112
110101199903071976
110101199903071597
110101199903078270
110101199903077956
110101199903079652
110101199903076216
11010119990307777X
110101199903077331
110101199903070850
110101199903075598
110101199903070893
110101199903079935
110101199903071036
110101199903073517
110101199903077139
110101199903074376
110101199903077251
110101199903071458
110101199903078318
110101199903074499
110101199903077876
110101199903078772
110101199903078537
110101199903079310
11010119990307427X
120101200607159284
120101200607153384
120101200607157406
120101200607155902
12010120060715044X
120101200607156307
120101200607158003
120101200607155224
120101200607158062
120101200607157000
120101200607150183
120101200607159807
120101200607150167
12010120060715714X
120101200607150167
12010120060715802X
120101200607157545
120101200607152189
120101200607155128
12010120060715722X
120101200607158206
120101200607159989
120101200607150909
12010120060715474X
120101200607159401
120101200607156868
120101200607152023
120101200607151506
12010120060715044X
120101200607157182
120101200607156788
120101200607159727
120101200607150589
120101200607154205
120101200607155646
120101200607151020
120101200607150503
120101200607153667
120101200607156227
120101200607158564
120101200607150685
120101200607156403
120101200607158361
120101200607150829
120101200607153544
120101200607158505
120101200607158820
120101200607151100
120101200607150706
120101200607153966
120101200607158302
12010120060715888X
120101200607153966
120101200607159188
120101200607153640
120101200607153384
120101200607156067
120101200607155662
120101200607154862
120101200607156489
120101200607152867
120101200607151661
120101200607156200
120101200607153421
120101200607155849
120101200607151848
120101200607154424
12010120060715634X
120101200607155486
120101200607150669
12010120060715490X
120101200607156147
120101200607157043
120101200607153288
120101200607156964
12010120060715060X
120101200607151784
120101200607155785
120101200607151709
120101200607152461
120101200607159743
120101200607159989
120101200607151362
120101200607153704
120101200607159188
120101200607154985
12010120060715706X
120101200607155240
120101200607150669
120101200607151928
120101200607151725
120101200607153501
120101200607153560
120101200607157924
120101200607156905
120101200607159401
12010120060715976X
120101200607151346
120101200607155769