 13621226176
15285895591
17810103048
15984203542
16521915704
15922298958
13637107553
15962477428
15291609810
18441587576
13629371241
15937164231
18328782177
13812414255
18321904319
18836832562
13667494862
13815421714
14778803951
13957219931
17821634335
18343169062
15896216002
13428024752
17833908837
13912366083
15859843990
13859845351
15812466584
15778021036
18340908804
15924489540
13814184387
18752467097
13955672099
18437472199
14764043462
18240516474
13567146103
15116866626
13500159096
13919309722
15176469212
15823399050
13449361239
13763957471
18350913063
18366993976
13993584181
18227033707
15073147502
18213409394
13932463181
13499065111
15106927712
15847404987
15231922195
15002268893
14790381034
15250893345
13594379698
13938014011
18711007992
18385982824
15196874271
17881091080
13597864136
18329497754
15925999183
15284853086
15810207764
15741552298
15969666411
18296037560
15226752027
13952762631
15223348386
16516819306
13998301592
14732555667
13456471528
13630425246
13926396459
15272886078
18363589229
15942969737
15998125289
18718639346
15879415111
15091026084
13512102182
13650409782
15720339408
15818246484
15855358969
13743663127
15720717293
18211086094
15138487114
15794964595
15087575105
13570279816
15715638568
13485868387
18413943314
18341676556
15098982474
18748411630
15140439443
13678595029
18416247377
14767395911
13482494608
13473503109
15775875641
15727939609
13504409453
18299991972
13843897645
15986277612
14756574828
15153372985
15106537566
15110852205
15863956982
18876476856
18857476620
15044837838
18309972641
18287652920
17831125432
14777953192
13721474259
15820787630
15093928837
15991927233
15950377437
13469083223
15844371630
15729283078
13449976994
17800445542
15099226120
17870137631
15863164764
13474489422
18291021498
18834631109
17856151358
15155699356
13718691900
15907434118
15967062600
18379541224
15935255314
15797665713
15845327359
13890079186
13545454756
13596657321
16571736053
18305858726
18204537999
13861818270
13924371758
13651539494
15131847719
18238574382
18265604621
13672836313
13549325046
14778623030
15714974025
15740553049
18871468958
15065372843
15220081091
15958093235
16566612719
18747491192
13464481540
18487131167
18854677112
15026022552
13615264088
15011738714
17837864651
18492288777
18321353817
13408365458
13461048754
18416156825
18710922439
13750481385
18211161386
15820971976
18382479272
14732781345
13458521851
13549827766
15026683480
15868924108
18819593888
15186226998
13586396806
18701668027
13462212976
13941682079
18333576017
18823972653
15907001210
15901502764
15871856918
13694348216
18410938540
15979026949
15815638664
15843722297
15805747891
15077102700
15289705250
13582997820
13641918273
14767442548
13997468786
18801483459
13844747547
13616075565
13673326637
18450957871
18777173525
13503352102
13854047619
16513165222
18482947139
13899779528
17820249785
18275871110
14762119728
18376136932
13662141050
18465681398
17882896196
13648683151
14764005509
18823721214
15879828924
13577168194
15109996528
15231915781
14785856241
15728166626
13895933209
18898866898
18344966543
17862121027
15802253072
13676537791
15777258900
15167679451
13466133039
18846072571
15818028826
15178849847
15986795560
15153814168
13742973511
13623039378
18727697849
13460052315
13576521984
15851234947
13626399013
18785749097
18476507910
15712175732
18485873482
15977086729
18268358754
18245667089
13469237651
13562985433
18712135824
13558476267
13598592687
13914114894
15726686290
18821753988
13757535976
18262904950
15108861020
13769383007
15876583800
13537271750
18309357901
15864316908
13554893675
14726935378
13765945592
13981502171
15875251533
18481515013
13408822960
16510197689
13603237143
13699245178
13792819033
15990468343
18793023009
15132855965
13881864768
15179603027
17883436017
17888401751
18471019610
13844825302
18793733671
15018749357
15720007826
18362305301
13813851438
18489404337
13730344613
15917411677
13539108749
18308282751
15229767540
13836096506
15014683793
18867197553
15708408310
18703699665
18752716367
18339391772
18466962816
18885687078
18399152388
18730334769
17855333372
18319687211
18877735904
13967542579
16572017368
13453496714
18817592717
18214362414
13632301605
18855207747
13777055229
18803889371
15807343330
16536495355
13624008261
14751018166
13655444156
17809044543
18214329160
15830917366
15822198326
13779767877
13705951713
13894583269
13819597005
15837962388
18344057586
17827899404
17893526479
17885803448
17833583671
18494157061
13685246598
15904813609
15028018612
14716786194
13674619313
13936643187
18312132343
15929743781
13784732054
15192928738
13742986302
15001968321
15268736572
17886942363
13747919822
18474977093
15036128328
18374267836
16560701416
15877919929
13764906443
15189469452
13616793988
13686549706
17891548735
18781349496
15290009845
13960043781
18890144136
14798934377
13482612445
17877836794
15285228376
15177999132
15943939706
15957455875
18810526870
13590896043
13583179403
13656827969
17857343784
13424378378
15713862208
15839788199
15923612046
15060729416
13807111199
13703999377
18346108741
13720987794
15123538885
13517221474
17808511488
15001346847
15954034190
13754946987
15109498737
13565457198
18210817599
18310729331
13482902313
18868807661
15288989721
15896927206
17849243348
13665955456
18797033056
18240031773
13843305263
15998674339
13456812916
13663433788
18422232906
18764466263
15257695157
15226116943
15829869087
14746245674
15134714601
18461933084
18823532362
15280675056
16577158874
18335522116
15253977752
18263422601
13543292509
13602812964
15228591260
15280946586
15130498629
18212415817
15074659470
13968907516
13636656160
13647098186
13499123093
15975019444
18264997077
15812975043
15794784605
13770329724
13787251348
18317083938
13703462243
17859394002
13524913916
18878624684
15043197560
15932914956
15010405626
18829608789
18758547773
18388676987
13907329021
18200207593
18467821500
13465077394
13811261934
16528357725
18726866142
13707944481
13824545125
13570652735
13950483873
13723326945
15170049625
18368321296
18455159253
13596684498
15223551734
18376587796
13929581716
15113177547
13542506761
18754442844
13810648971
15882566086
13820747385
14757535278
15036612092
16533128039
13834225443
15198264716
15873215196
15823346382
13612805480
13761437913
15800613766
18761962656
13685231591
16515495809
15195748241
15025855163
13472257884
15026796233
13786266120
18775447773
18713431772
18791169736
15146161471
15737897978
13817802684
13982611560
15955059351
13974238815
13863474944
16563335339
13929756639
13878282806
13986432921
18487695943
13443055779
15815596495
13460199075
18447052934
16524826309
15934423392
15195303458
15291269701
15887002991
13765073942
18380555983
13500602283
18233064956
13555293463
16505896751
15145121007
15244429357
15873935084
16556375446
16552461809
14793568676
18898412008
18221367352
15012766491
15938913550
16504005645
15290761232
15079175955
15277179091
13414327742
14720974799
13650325163
18858651533
13400104971
15049737376
13683244951
15819815328
15733415113
13522552427
13709845755
15015381964
15279199495
13921125067
13596719799
17891508606
15740725417
13492834804
13693907792
15057398069
18724345035
13657907486
16506368636
18841615575
13470537548
18823356338
16528004679
15269218884
18799177052
15964676876
14779557565
14733065577
15215119567
18393788248
14786796028
16508077693
18454896362
17804413798
16553274936
14759359068
15269786840
13497283745
13579738282
15006087915
13918436338
13886882459
15099246592
15957177160
17804633091
13709202369
15958016258
13894658042
13935602515
13915052842
15107672994
15974698399
15086596680
15138149914
15081967100
13630455412
13869766536
17867711337
18741561286
13526482274
13861627574
13619647947
15829425748
13745139693
15176898440
15273613845
16567023312
13914596916
15777859377
18243145563
18399644913
13716931023
13443522691
13476981812
18276477692
13418673621
18267656433
15103731754
17863433817
15819643308
13465244695
16552949603
15932647820
13475463121
13747559852
15254042213
18358562642
16577112189
13955279632
18407353310
15963943313
18715329906
18868379788
15964122867
16516857764
18293195246
13781855376
15181342233
15991138283
16519739944
15281817561
13455351345
13627556971
15199157678
18232996061
15724741225
13728359486
13544097264
13814145221
15799074972
16573276579
18459713583
13878373302
13675399119
13934348489
18719756707
15104114036
15739744849
15986283776
16515315051
13714093565
15265898745
17873629591
18332941322
15282027181
15762193345
15185056057
13526406241
16566973400
18237897505
15913206145
15105502780
13574991260
15926999032
18869053613
15027797553
18218734813
15969802724
15706703892
18336952672
13748401467
17849671694
13765571132
18716359042
15198353432
15746412234
15837618377
18497749343
13514499117
17804289734
15950008802
15002902407
15125376700
13978007734
15226984192
13400435571
18892191343
15949491563
15712057622
13935332681
13674006792
13519374630
15895314979
15167292407
15936672761
15817408994
13921175886
13697816425
18708528370
15969222388
18444803256
13595767369
18295472248
18740901587
13932881123
18397856969
15968868521
16509644075
13935431487
13609618147
15048482927
15967359538
17866995425
17808958735
13619227381
15766328786
14729133479
13541633408
13859478608
13897104473
15146205808
18321626587
14748662112
15037515221
15212182093
18711439167
13431068999
13655916362
13503439529
15093941632
18896959771
15060503644
14764279147
15163115803
13924105291
15772047072
17837918123
15053784711
17867592253
18407418643
16509638547
13537698095
18202735878
13976234687
13574121216
15260341642
15226076123
18238342948
15703753948
15930291615
13822745233
15015466006
16532602538
14722718480
13627688737
15082137649
15122726891
15055705362
13532307804
13454958190
15712288756
18352015996
18428153193
17870948080
18450762935
15093508912
13980499634
18832992904
13975217923
17879485412
13871743619
13989539040
15134481509
15876666155
13610642300
15903888806
13464197377
13836669348
15167575177
15027674274
18813083653
18827144098
15739215266
13845141770
15164522495
15980421268
15819935355
13562079322
13827202404
15038371525
13664039688
18208105543
13841994243
18773796722
18428966772
14703063414
15894728952
15254178265
15714079979
13401547389
17815248017
13818054033
15716396132
15042679602
13999718317
15971042627
18781144545
15077044101
18275076797
13420166264
18784425768
15043716112
18329986009
18705682067
15090044185
18489032760
13659189463
13830638822
18343203640
13620275592
14799447340
15841645300
18221048795
15908389490
15255284286
15848262237
18805502202
13809415640
13751434178
18702931735
17878067553
13791631457
15925867391
15881843533
15145033784
18734364414
15148703366
15006771073
13524037967
18441915955
13848827164
17832065319
18796105741
16537428544
18313999564
13984753686
13492096702
18883657116
16526808719
15263007210
15197298142
15702123116
13650489689
18770905654
18784414476
17853833784
13512234098
15876141458
15280706037
18714526230
15952384544
13462337369
14735588849
13700433907
18353933440
15872169247
13838759680
15080906238
17806507252
18449439142
13760215643
18452389260
13452733658
13973142087
15729877143
13959398067
13991894609
18819928187
18253077240
18879716727
18256098525
13980957668
17834526873
16510938313
14737363374
18371083985
17838166216
13438664591
15968605085
15861421049
13831619801
18819183851
18397595629
17894893859
18368468529
13952057774
14724335649
18354529569
15988901428
13700599063
18860321737
15821371032
15003216060
15703703518
13706652697
15192945008
16500627725
18706951527
17838424841
13849824682
15142771994
15068043523
15766156365
15118265726
18384368982
13471921242
13921235987
13861858436
15052412043
15756565398
17862245468
17838283432
18756475821
15214336557
13997447170
18268093264
15732936137
13603579594
15922936154
17893336995
13794865646
13737036748
15949062069
18771088090
13590462435
14776961862
18273589772
18724828359
18462318533
15201177783
15771353242
13412542254
13691605469
15141802564
18813895234
15711246165
14771966028
16501235627
15103232064
13968315522
13484818165
15710655953
15967165378
18406385312
15704845241